```csv
doc_id,group_id,record_type,content
"VN-010951","VISIT-010951","visit_note","Visit note | 2026-03-02 12:00 PM | Dr. Nasrin Sultana, Gastroenterology | Patient: Rahima Akter, 79, female. Mrs. Akter reports experiencing a burning sensation behind her breastbone after meals accompanied by a sour taste in her mouth. She mentions these issues have become worse since a job change in Uttara meant late heavy dinners. She works as a tailor and has no known comorbidities. Examination reveals BMI 28.3, BP 111/70 mmHg, pulse 73 bpm, and weight 72 kg. Heart and lung examinations are unremarkable. Assessment: Gastro-oesophageal reflux disease. Plan: referral to General Medicine in this clinic for further assessment; no new medicine was prescribed today. She was advised to eat smaller meals, avoid oily and spicy food late at night, and raise the head of her bed. Follow-up after the General Medicine review."
"VN-010952","VISIT-010952","visit_note","Visit note | 2026-03-03 03:30 PM | Dr. Shahadat Hossain, ENT | Patient: Bithi Bhattacharya, 42, female. Mrs. Bhattacharya presents with itchy eyes and a runny nose, noting that her symptoms flare each spring in Old Dhaka. She works as a homemaker and has no chronic illnesses. She describes a constantly blocked nose and snoring with little sneezing, averaging about 14 sneezing fits a day. Her vital signs are BP 130/85 mmHg, pulse 88 bpm, and weight 65 kg. Examination shows pale nasal mucosa. Assessment: Allergic rhinitis. Plan: lifestyle and self-care advice only, no medicine needed at this stage. She was advised to avoid dust, wear a mask when cleaning, and wash bedding weekly. Follow-up in 1 month."
"VN-010953","VISIT-010953","visit_note","Visit note | 2026-03-04 12:30 PM | Dr. Mahmudul Hasan, Cardiology | Patient: Mostafa Alam, 77, male. Mr. Alam attends for review and mentions he has no active symptoms, though he has a family history of a father who had a heart attack at 55. His condition was found after a relative's heart attack in Khilgaon prompted testing. He works as a homemaker and has no other medical conditions. On examination: LDL cholesterol 6.0 mmol/L, BP 121/72 mmHg, pulse 90 bpm, and weight 49 kg. Cardiovascular exam is normal. Assessment: Dyslipidaemia. Plan: chronic follow-up: continue current medicines, no new prescription issued today. He was advised to reduce fried food, red meat, and ghee, walk 30 minutes daily, and aim to lose 3 kg. Follow-up in 3 months with a repeat lipid profile."
"VN-010954","VISIT-010954","visit_note","Visit note | 2026-03-04 04:00 PM | Dr. Habibur Rahman, Orthopedics | Patient: Farhan Akand, 62, male. Mr. Akand returns for review, reporting stiffness in the morning for a few minutes, knee pain on the stairs, and a creaking knee. He explains his discomfort has been worse since moving to a building with no lift in Khilgaon. He works as a textile engineer and has no comorbid conditions. Examination reveals BMI 28.8, BP 115/70 mmHg, pulse 86 bpm, and weight 86 kg. Joint examination shows mild crepitus and restricted flexion. Assessment: Knee osteoarthritis. Plan: chronic follow-up: continue current medicines, no new prescription issued today. He was advised to do thigh-strengthening exercises daily, lose weight, and avoid squatting and sitting cross-legged on the floor. Follow-up in 6 weeks with physiotherapy."
"VN-010955","VISIT-010955","visit_note","Visit note | 2026-03-07 12:30 PM | Dr. Shirin Akter, Pulmonology | Patient: Ibrahim Sarkar, 65, male. Mr. Sarkar attends for a follow-up visit, detailing a long history of smoking, breathlessness worse for several days, and more sputum than usual. He states his symptoms worsened after a cold caught at a crowded market in Lalbagh. He works as a farmer and has a comorbidity of Essential hypertension. Vitals show SpO2 89%, BP 149/88 mmHg, pulse 82 bpm, and weight 93 kg. Chest auscultation reveals wheezing and decreased breath sounds. Assessment: COPD exacerbation. Plan: chronic follow-up: continue current medicines, no new prescription issued today. He was advised to stop smoking completely, avoid cooking smoke, and take the yearly flu vaccine. Follow-up in 1 week, sooner if breathing worsens."
"VN-010956","VISIT-010956","visit_note","Visit note | 2026-03-07 12:30 PM | Dr. Tahmina Begum, Dermatology | Patient: Masud Matubbar, 59, male. Mr. Matubbar comes in complaining of scratching at night with symptoms that are worse in winter. He notes it has been worse since switching to a strong detergent in Jatrabari. He works as a nurse and has a history of Essential hypertension. Examination shows an affected area about 11 cm across, with dry, inflamed skin. Vitals: BP 152/90 mmHg, pulse 68 bpm, weight 65 kg. Assessment: Atopic eczema. Plan: referral to Endocrinology in this clinic for further assessment; no new medicine was prescribed today. He was advised to use a mild soap, avoid hot baths, and wear cotton clothes. Follow-up after the Endocrinology review."
"VN-010957","VISIT-010957","visit_note","Visit note | 2026-03-08 11:00 AM | Dr. Mahbuba Rahman, Psychiatry | Patient: Kanai Bose, 59, male. Mr. Bose attends a follow-up visit and reports having no interest in usual activities, poor sleep, and low energy. He mentions these feelings started after the death of a parent in Savar. He works as a delivery rider and has no reported comorbidities. Clinical assessment notes a PHQ-9 score 18. Other vitals: BP 112/70 mmHg, pulse 87 bpm, weight 93 kg. The patient denies thoughts of self-harm, and a safety plan with the emergency number 999 was discussed. Assessment: Depressive episode. Plan: chronic follow-up: continue current medicines, no new prescription issued today. He was advised to keep a daily routine, walk outdoors daily, start counselling sessions, and call 999 or come to the clinic at once if thoughts of self-harm appear. Follow-up in 2 weeks."
"VN-010958","VISIT-010958","visit_note","Visit note | 2026-03-08 03:00 PM | Dr. Shahadat Hossain, ENT | Patient: Nurul Sheikh, 33, male. Mr. Sheikh presents for review reporting a runny nose and itchy eyes. He mentions his symptoms have been worse since keeping a cat at home in Mohammadpur. He is a construction worker with no underlying comorbidity. Examination reveals about 11 sneezing fits a day, BP 117/78 mmHg, pulse 82 bpm, and weight 77 kg. Nasal mucosa appears congested. Assessment: Allergic rhinitis. Plan: chronic follow-up: continue current medicines, no new prescription issued today. He was advised to avoid dust, wear a mask when cleaning, and wash bedding weekly. Follow-up in 1 month."
"VN-010959","VISIT-010959","visit_note","Visit note | 2026-03-10 11:30 AM | Dr. Zahid Hasan, Gastroenterology | Patient: Rashid Ahmed, 27, male. Mr. Ahmed attends a follow-up visit complaining of a burning feeling behind his breastbone after meals, noting symptoms are worse when lying down. He is a schoolteacher who explains the trouble began after gaining weight while working from home in Tejgaon. He has no other medical conditions. Examination shows BMI 32.3, BP 124/73 mmHg, pulse 91 bpm, and weight 56 kg. Abdomen is soft and non-tender. Assessment: Gastro-oesophageal reflux disease. Plan: chronic follow-up: continue current medicines, no new prescription issued today. He was advised to eat smaller meals, avoid oily and spicy food late at night, and raise the head of his bed. Follow-up in 1 month."
"VN-010960","VISIT-010960","visit_note","Visit note | 2026-03-10 02:00 PM | Dr. Faisal Karim, Psychiatry | Patient: Tania Bhuiyan, 41, female. Mrs. Bhuiyan comes for a review visit describing normal heart tests, sudden attacks of a racing heart, and a fear of dying. She notes her first attack happened in a crowded lift in Old Dhaka. She works as a fisherman and has no comorbidities. Evaluation records about 6 panic attacks in the last month. Vitals: BP 115/84 mmHg, pulse 79 bpm, weight 67 kg. Assessment: Panic disorder. Plan: chronic follow-up: continue current medicines, no new prescription issued today. She was advised to practise slow breathing during attacks, reduce caffeine, and start counselling sessions. Follow-up in 4 weeks."
"VN-010961","VISIT-010961","visit_note","Visit note | 2026-03-10 03:00 PM | Dr. Faisal Karim, Psychiatry | Patient: Mehnaz Khan, 47, female. Mrs. Khan attends for review reporting normal heart tests, a fear of dying, and breathlessness during attacks. She mentions her first attack happened at a busy market in Lalbagh. Her occupation is recorded as fisherman, and she has a comorbidity of Essential hypertension. Examination notes about 10 panic attacks in the last month, BP 145/95 mmHg, pulse 81 bpm, and weight 75 kg. Assessment: Panic disorder. Plan: chronic follow-up: continue current medicines, no new prescription issued today. She was advised to practise slow breathing during attacks, reduce caffeine, and start counselling sessions. Follow-up in 4 weeks."
"VN-010962","VISIT-010962","visit_note","Visit note | 2026-03-10 03:30 PM | Dr. Jannatul Ferdous, Orthopedics | Patient: Jewel Molla, 48, male. Mr. Molla returns for follow-up reporting a stiff shoulder for weeks and night pain in the shoulder. He states the problem began gradually after a long illness in Tangail. He works as an office cleaner and has no comorbid illnesses. Examination shows his shoulder lifts only to 60 degrees. Vitals: BP 123/75 mmHg, pulse 74 bpm, weight 77 kg. Assessment: Adhesive capsulitis. Plan: chronic follow-up: continue current medicines, no new prescription issued today. He was advised to start physiotherapy, do pendulum exercises daily, and apply heat before exercise. Follow-up in 4 weeks with a physiotherapy review."
"VN-010963","VISIT-010963","visit_note","Visit note | 2026-03-10 04:00 PM | Dr. Imran Kabir, Gastroenterology | Patient: Parvez Akand, 28, male. Mr. Akand attends a follow-up visit noting a sour taste in his mouth and symptoms that are worse when lying down. He works as a cricket coach and explains his issues began after gaining weight while working from home in Rajshahi. He has no other chronic illnesses. Examination reveals BMI 31.2, BP 113/75 mmHg, pulse 68 bpm, and weight 97 kg. Assessment: Gastro-oesophageal reflux disease. Plan: chronic follow-up: continue current medicines, no new prescription issued today. He was advised to eat smaller meals, avoid oily and spicy food late at night, and raise the head of his bed. Follow-up in 1 month."
"VN-010964","VISIT-010964","visit_note","Visit note | 2026-03-10 04:00 PM | Dr. Rezaul Karim, Neurology | Patient: Fariha Bhuiyan, 61, female. Mrs. Bhuiyan presents for her first visit describing tingling like pins and needles, burning in both feet, and numbness in her toes. She mentions these symptoms became worse since walking barefoot at home in Rampura. She works as an NGO field officer and has no recorded comorbidities. Examination reveals reduced sensation at 5 of 10 monofilament test sites. Vitals: BP 127/82 mmHg, pulse 71 bpm, weight 91 kg. Assessment: Peripheral neuropathy. Plan: lifestyle and self-care advice only, no medicine needed at this stage. She was advised to check her feet daily for cuts, wear soft closed shoes, and keep her blood sugar under control. Follow-up in 6 weeks."
"VN-010965","VISIT-010965","visit_note","Visit note | 2026-03-10 04:30 PM | Dr. Sharmin Akter, Obstetrics and Gynecology | Patient: Eva Mondal, 32, female. Mrs. Mondal attends for a follow-up consultation reporting weight gain, extra hair on the face, and irregular periods. She states she first noticed these changes after a friend in Mymensingh suggested testing. She works as a tailor and has no comorbid conditions. Clinical examination shows BMI 30.6, BP 116/79 mmHg, pulse 68 bpm, and weight 73 kg. Assessment: Polycystic ovary syndrome. Plan: chronic follow-up: continue current medicines, no new prescription issued today. She was advised to aim for 5% weight loss, exercise 150 minutes a week, and reduce sugary drinks. Follow-up in 3 months."
"VN-010966","VISIT-010966","visit_note","Visit note | 2026-03-11 04:00 PM | Dr. Rafiqul Islam, Cardiology | Patient: Dipak Kundu, 50, male. Mr. Kundu returns for a review visit, describing a heavy feeling in the chest that eases with rest within minutes, chest tightness when walking fast or climbing, and breathlessness on effort. He states his symptoms started while carrying shopping bags uphill in Banani. He works as a delivery rider and has Hypothyroidism. On examination: BP 151/92 mmHg, pulse 75 bpm, weight 90 kg. Heart sounds are normal. Assessment: Stable angina. Plan: chronic follow-up: continue current medicines, no new prescription issued today. He was advised to avoid heavy exertion until review, walk 20 minutes daily on flat ground, and stop smoking. Follow-up in 2 weeks with an ECG and fasting lipid profile."
"VN-010967","VISIT-010967","visit_note","Visit note | 2026-03-12 02:00 PM | Dr. Jannatul Ferdous, Orthopedics | Patient: Jahid Islam, 41, male. Mr. Islam attends for follow-up complaining of being unable to raise his arm, night pain in the shoulder, and a stiff shoulder for weeks. He explains the condition began gradually after a long illness in Tejgaon. He works as a ride-share driver and has no comorbidities. Examination shows his shoulder lifts only to 110 degrees. Vitals: BP 115/82 mmHg, pulse 80 bpm, weight 85 kg. Assessment: Adhesive capsulitis. Plan: chronic follow-up: continue current medicines, no new prescription issued today. He was advised to start physiotherapy, do pendulum exercises daily, and apply heat before exercise. Follow-up in 4 weeks with a physiotherapy review."
"VN-010968","VISIT-010968","visit_note","Visit note | 2026-03-14 10:00 AM | Dr. Selina Parvin, Neurology | Patient: Arafat Mondal, 44, male. Mr. Mondal comes for review reporting a throbbing headache on one side and needing to lie in a dark room. He mentions his attacks are triggered by skipping meals while travelling in Badda. He is a bank officer with no reported comorbidities. Clinical notes indicate about 7 headache days a month. Other vitals: BP 132/78 mmHg, pulse 77 bpm, weight 56 kg. Assessment: Migraine. Plan: chronic follow-up: continue current medicines, no new prescription issued today. He was advised to keep a headache diary, sleep and eat at regular times, and limit screen time. Follow-up in 3 months with the headache diary."
"VN-010969","VISIT-010969","visit_note","Visit note | 2026-03-14 10:30 AM | Dr. Ishrat Jahan, Psychiatry | Patient: Tania Miah, 68, female. Mrs. Miah attends a follow-up visit reporting trouble falling asleep most nights and waking up tired. She states her sleep issues began after a newborn arrived in the family in Kushtia. She works as a homemaker and has no other medical conditions. Evaluation notes an Insomnia Severity Index score 22. Vitals: BP 133/77 mmHg, pulse 83 bpm, weight 68 kg. Assessment: Chronic insomnia. Plan: chronic follow-up: continue current medicines, no new prescription issued today. She was advised to keep fixed sleep and wake times, avoid screens for an hour before bed, and avoid tea after 4 PM. Follow-up in 4 weeks with a sleep diary."
"VN-010970","VISIT-010970","visit_note","Visit note | 2026-03-14 11:30 AM | Dr. Mahmudul Hasan, Cardiology | Patient: Jahid Patwary, 77, male. Mr. Patwary returns for follow-up noting he has no symptoms, though he has a father who had a heart attack at 55 and high cholesterol on a routine test. He mentions his condition was found on a pre-employment test in Barishal. He works as a tailor and has a history of Hypothyroidism. Examination shows LDL cholesterol 5.7 mmol/L, BP 125/78 mmHg, pulse 86 bpm, and weight 74 kg. Assessment: Dyslipidaemia. Plan: chronic follow-up: continue current medicines, no new prescription issued today. He was advised to reduce fried food, red meat, and ghee, walk 30 minutes daily, and aim to lose 3 kg. Follow-up in 3 months with a repeat lipid profile."
"VN-010971","VISIT-010971","visit_note","Visit note | 2026-03-14 12:00 PM | Dr. Mostafizur Rahman, Orthopedics | Patient: Hasan Uddin, 50, male. Mr. Uddin attends for a follow-up visit reporting being unable to reach behind his back and being unable to raise his arm. He notes these difficulties began gradually after a long illness in Motijheel. He works as a farmer and has no reported comorbidity. Examination reveals his shoulder lifts only to 70 degrees. Vitals: BP 116/75 mmHg, pulse 71 bpm, weight 61 kg. Assessment: Adhesive capsulitis. Plan: chronic follow-up: continue current medicines, no new prescription issued today. He was advised to start physiotherapy, do pendulum exercises daily, and apply heat before exercise. Follow-up in 4 weeks with a physiotherapy review."
"VN-010972","VISIT-010972","visit_note","Visit note | 2026-03-14 04:00 PM | Dr. Mehedi Hasan, Ophthalmology | Patient: Abdul Sarkar, 55, male. Mr. Sarkar presents for his first visit complaining of gritty burning eyes and long hours of screen time. He states his discomfort has been worse since night shifts at a call centre in Mirpur. He is a bank officer with no comorbidities. Examination records a tear break-up time 6 seconds. Vitals: BP 117/70 mmHg, pulse 82 bpm, weight 85 kg. Assessment: Dry eye syndrome. Plan: tests ordered before starting treatment: a tear film break-up test; no new medicine was prescribed today. He was advised to look away from the screen every 20 minutes, blink often, and use a humidifier. Follow-up after the test results are ready."
"VN-010973","VISIT-010973","visit_note","Visit note | 2026-03-15 04:00 PM | Dr. Sadia Islam, Dermatology | Patient: Pradip Kundu, 23, male. Mr. Kundu attends a follow-up visit reporting pimples and blackheads on his face, marks left after pimples, and spots on his back. He mentions his skin worsened since working in a hot kitchen in Narayanganj. He works as a graphic designer and has Hypothyroidism. Clinical examination reveals about 34 inflamed spots on the face. Vitals: BP 133/79 mmHg, pulse 84 bpm, weight 63 kg. Assessment: Acne vulgaris. Plan: chronic follow-up: continue current medicines, no new prescription issued today. He was advised to wash his face twice daily with a gentle cleanser and not to squeeze spots. Follow-up in 2 months."
"VN-010974","VISIT-010974","visit_note","Visit note | 2026-03-15 04:00 PM | Dr. Rezaul Karim, Neurology | Patient: Nazmul Dewan, 28, male. Mr. Dewan comes for his first visit describing a band-like pressure around his head and stress. He states his symptoms are worse since long daily commutes in Lalbagh. He works as an electrician and has no reported comorbidities. Examination notes a pain score 4/10. Vitals: BP 126/85 mmHg, pulse 85 bpm, weight 76 kg. Neurological exam is otherwise normal. Assessment: Tension-type headache. Plan: tests ordered before starting treatment: no tests; no new medicine was prescribed today. He was advised to take screen breaks every hour, do neck stretches, and sleep seven hours. Follow-up after the test results are ready."
"VN-010975","VISIT-010975","visit_note","Visit note | 2026-03-15 04:30 PM | Dr. Asif Mahmud, Dermatology | Patient: Bikash Sarkar, 27, male. Mr. Sarkar returns for a review visit describing pimples and blackheads on his face and spots on his back. He notes his condition flared after using a heavy face cream bought in Bogura. He works as a textile engineer and has no other medical conditions. Examination reveals about 12 inflamed spots on the face. Vitals: BP 127/70 mmHg, pulse 84 bpm, weight 81 kg. Assessment: Acne vulgaris. Plan: chronic follow-up: continue current medicines, no new prescription issued today. He was advised to wash his face twice daily with a gentle cleanser and not to squeeze spots. Follow-up in 2 months."
```
```csv
doc_id,group_id,record_type,content
"VN-010976","VISIT-010976","visit_note","Visit note | 2026-03-15 04:30 PM | Dr. Rezaul Karim, Neurology | Patient: Mitu Munshi, 64, female. Mrs. Munshi presents for her first visit reporting tingling like pins and needles in her extremities, noting that her symptoms are noticeably worse at night. She is a madrasa teacher and mentions this discomfort has been worse since walking barefoot at home in Barishal. She has no known comorbid chronic illnesses and denies any history of weakness, visual disturbances, or major trauma. On physical examination, her vital signs are: BP 124/73 mmHg, pulse 90 bpm, and weight 71 kg. Neurological examination reveals reduced sensation at 5 of 10 monofilament test sites. Assessment: Peripheral neuropathy. Plan: lifestyle and self-care advice only, no medicine needed at this stage; no prescription was issued today. She was advised to check the feet daily for cuts, wear soft closed shoes, and keep blood sugar under control. Follow-up in 6 weeks."
"VN-010977","VISIT-010977","visit_note","Visit note | 2026-03-17 04:30 PM | Dr. Faisal Karim, Psychiatry | Patient: Faruk Kabir, 69, male. Mr. Kabir attends for a follow-up review regarding his ongoing sleep difficulties, stating he frequently wakes up tired and experiences significant worry about his sleep patterns. He works as a shopkeeper and reports that his sleep issues began after a newborn arrived in the family in Khilgaon. His medical history is notable for Bronchial asthma, which is currently stable. He denies daytime hallucinations, depressed mood, or substance use. Examination findings show: Insomnia Severity Index score 15, BP 126/85 mmHg, pulse 90 bpm, and weight 93 kg. Chest is clear to auscultation. Assessment: Chronic insomnia. Plan: chronic follow-up: continue current medicines, no new prescription issued today. He was advised to keep fixed sleep and wake times, avoid screens for an hour before bed, and avoid tea after 4 PM. Follow-up in 4 weeks with a sleep diary."
"VN-010978","VISIT-010978","visit_note","Visit note | 2026-03-16 03:30 PM | Dr. Towhid Alam, ENT | Patient: Rashid Miah, 20, male. Mr. Miah returns for a follow-up consultation complaining of persistent sneezing fits and a runny nose. He works as a photographer and states his symptoms have been much worse since road construction began near his home in Faridpur. He has a known comorbidity of Hypothyroidism, for which he takes replacement therapy. He denies fever, facial pain, or breathing difficulty. On examination, his vital signs record: BP 126/72 mmHg, pulse 83 bpm, and weight 68 kg. Nasal mucosa appears pale and congested, with about 12 sneezing fits a day noted during his time in the clinic. Assessment: Allergic rhinitis. Plan: chronic follow-up: continue current medicines, no new prescription issued today. He was advised to avoid dust, wear a mask when cleaning, and wash bedding weekly. Follow-up in 1 month."
"VN-010979","VISIT-010979","visit_note","Visit note | 2026-03-17 02:00 PM | Dr. Imran Kabir, Gastroenterology | Patient: Ashraf Molla, 42, male. Mr. Molla visits for the first time describing troublesome bloating and abdominal discomfort that he finds are significantly worse with stress. He works as a graphic designer and notes these complaints worsened since starting a high-pressure job in Tejgaon. He has no significant comorbidity and denies any alarm symptoms such as blood in stool, unintentional weight loss, or persistent vomiting. On examination: pain score 4/10, BP 114/78 mmHg, pulse 69 bpm, and weight 46 kg. Abdomen is soft and non-tender on palpation. Assessment: Irritable bowel syndrome. Plan: referral to General Medicine in this clinic for further assessment; no new prescription was issued today. He was advised to eat regular meals, keep a food diary, and reduce tea, fizzy drinks, and beans. Follow-up after the General Medicine review."
"VN-010980","VISIT-010980","visit_note","Visit note | 2026-03-17 03:30 PM | Dr. Zahid Hasan, Gastroenterology | Patient: Dipak Bose, 70, male. Mr. Bose comes in for a follow-up visit reporting a sour taste in his mouth and a burning sensation behind his breastbone after meals. He works as a tailor and states his symptoms became worse since a job change in Kushtia meant late heavy dinners. He has no recorded comorbidities and denies dysphagia or shortness of breath. Physical examination demonstrates: BMI 26.4, BP 115/75 mmHg, pulse 71 bpm, and weight 68 kg. Abdominal examination reveals mild epigastric tenderness without guarding. Assessment: Gastro-oesophageal reflux disease. Plan: chronic follow-up: continue current medicines, no new prescription issued today. He was advised to eat smaller meals, avoid oily and spicy food late at night, and raise the head of the bed. Follow-up in 1 month."
"VN-010981","VISIT-010981","visit_note","Visit note | 2026-03-18 11:00 AM | Dr. Nazma Begum, Obstetrics and Gynecology | Patient: Shikha Dey, 31, female. Mrs. Dey attends for a routine follow-up visit, noting the persistence of extra hair on her face along with irregular menstrual cycles. She works as a hotel receptionist and mentions she noticed notable weight gain after starting a desk job in Khulna. Her medical history includes Type 2 diabetes mellitus. She denies severe pelvic pain, visual changes, or excessive fatigue. On examination: BMI 27.3, BP 136/72 mmHg, pulse 77 bpm, and weight 57 kg. Systemic examination is otherwise unremarkable. Assessment: Polycystic ovary syndrome. Plan: chronic follow-up: continue current medicines, no new prescription issued today. She was advised to aim for 5% weight loss, exercise 150 minutes a week, and reduce sugary drinks. Follow-up in 3 months."
"VN-010982","VISIT-010982","visit_note","Visit note | 2026-03-21 09:00 AM | Dr. Ishrat Jahan, Psychiatry | Patient: Jamal Molla, 38, male. Mr. Molla presents for follow-up review describing breathlessness during episodes, sudden attacks of a racing heart, and an overwhelming fear of dying. He works as an office cleaner and shares that his very first attack happened while trapped in a crowded lift in Faridpur. He has a history of Type 2 diabetes mellitus. He denies chest pain radiating to the arm or chronic cough. Clinical examination reveals: about 5 panic attacks in the last month, BP 131/79 mmHg, pulse 85 bpm, and weight 61 kg. Heart sounds are normal. Assessment: Panic disorder. Plan: chronic follow-up: continue current medicines, no new prescription issued today. He was advised to practise slow breathing during attacks, reduce caffeine, and start counselling sessions. Follow-up in 4 weeks."
"VN-010983","VISIT-010983","visit_note","Visit note | 2026-03-21 09:30 AM | Dr. Farhana Kabir, General Medicine | Patient: Rashed Molla, 58, male. Mr. Molla returns for follow-up noting he has been getting breathless on the stairs and has noticed brittle nails. He works as a garment merchandiser and explains his symptoms worsened after a long spell of poor meals while living alone in Jashore. He reports no other chronic medical conditions and denies gastrointestinal bleeding. Physical examination shows: haemoglobin 8.9 g/dL, BP 112/72 mmHg, pulse 91 bpm, and weight 57 kg. Conjunctivae are pale, and the cardiovascular exam is normal. Assessment: Iron deficiency anaemia. Plan: chronic follow-up: continue current medicines, no new prescription issued today. He was advised to eat more lentils, spinach, liver, and eggs, and to avoid tea within an hour of meals. Follow-up in 6 weeks with a repeat haemoglobin."
"VN-010984","VISIT-010984","visit_note","Visit note | 2026-03-21 10:30 AM | Dr. Selina Parvin, Neurology | Patient: Debashis Roy, 52, male. Mr. Roy attends his first consultation reporting neck tightness and stress, which he attributes to long hours spent staring at a screen. He works as a ride-share driver and notes his discomfort began after a stressful house move to Cox's Bazar. He has a known history of Type 2 diabetes mellitus. He denies double vision, numbness, or limb weakness. On examination: pain score 5/10, BP 117/83 mmHg, pulse 74 bpm, and weight 91 kg. Cranial nerves are intact and neck muscles show mild tenderness. Assessment: Tension-type headache. Plan: referral to Psychiatry in this clinic for further assessment; no new prescription was issued today. He was advised to take screen breaks every hour, do neck stretches, and sleep seven hours. Follow-up after the Psychiatry review."
"VN-010985","VISIT-010985","visit_note","Visit note | 2026-03-22 03:00 PM | Dr. Shahadat Hossain, ENT | Patient: Sohel Haque, 23, male. Mr. Haque presents for a follow-up visit complaining of itchy eyes and frequent sneezing fits, mentioning his symptoms are notably worse with dust exposure. He works as a delivery rider and notes his condition worsened since road construction began near his home in Old Dhaka. He has no comorbid conditions and denies fever or shortness of breath. Examination findings: about 11 sneezing fits a day during consultation, BP 118/74 mmHg, pulse 87 bpm, and weight 93 kg. Oropharynx is clear and nasal turbinates are swollen. Assessment: Allergic rhinitis. Plan: chronic follow-up: continue current medicines, no new prescription issued today. He was advised to avoid dust, wear a mask when cleaning, and wash bedding weekly. Follow-up in 1 month."
"VN-010986","VISIT-010986","visit_note","Visit note | 2026-03-22 03:30 PM | Dr. Sharmin Akter, Obstetrics and Gynecology | Patient: Tamanna Sheikh, 29, female. Miss Sheikh visits for the first time describing painful cramps in the first days of each period accompanied by nausea. She works as a delivery rider and states her symptoms became worse since a stressful family move to Shyamoli. Her medical history includes Hypothyroidism. She reports atypical presentation in that her pain spreads to the lower back and thighs with vomiting. On examination: pain score 7/10, BP 127/73 mmHg, pulse 83 bpm, and weight 72 kg. Abdomen is soft with mild lower quadrant tenderness. Assessment: Primary dysmenorrhoea. Plan: tests ordered before starting treatment: a pelvic ultrasound if the pain worsens; no prescription issued today. She was advised to use a hot water bottle, do light exercise, and keep a period diary. Follow-up after the test results are ready."
"VN-010987","VISIT-010987","visit_note","Visit note | 2026-03-22 04:00 PM | Dr. Sabrina Chowdhury, Cardiology | Patient: Farzana Bepari, 65, female. Mrs. Bepari attends a follow-up appointment; she reports no personal cardiac symptoms but is concerned due to a family history where her father had a heart attack at 55. She works as a tailor and notes her high lipid levels were found after a relative's heart attack in Bashundhara prompted testing. She has no chronic comorbidities and denies chest pain or palpitations. Clinical examination shows: LDL cholesterol 4.8 mmol/L, BP 132/83 mmHg, pulse 88 bpm, and weight 54 kg. Heart sounds are normal with no murmurs. Assessment: Dyslipidaemia. Plan: chronic follow-up: continue current medicines, no new prescription issued today. She was advised to reduce fried food, red meat, and ghee, walk 30 minutes daily, and aim to lose 3 kg. Follow-up in 3 months with a repeat lipid profile."
"VN-010988","VISIT-010988","visit_note","Visit note | 2026-03-23 10:30 AM | Dr. Nazma Begum, Obstetrics and Gynecology | Patient: Habiba Dewan, 20, female. Miss Dewan comes for her first consultation reporting severe painful cramps during the first days of each menstrual cycle accompanied by nausea, to the extent that she misses work or classes. She works as a police constable and notes her symptoms became worse since taking a job with long standing hours in Sylhet. She has Type 2 diabetes mellitus. She denies abnormal bleeding between periods. Examination reveals: pain score 7/10, BP 114/73 mmHg, pulse 77 bpm, and weight 55 kg. Abdominal examination is unremarkable apart from mild suprapubic discomfort. Assessment: Primary dysmenorrhoea. Plan: lifestyle and self-care advice only, no medicine needed at this stage; no prescription issued today. She was advised to use a hot water bottle, do light exercise, and keep a period diary. Follow-up in 3 months with the period diary."
"VN-010989","VISIT-010989","visit_note","Visit note | 2026-03-25 12:00 PM | Dr. Selina Parvin, Neurology | Patient: Sultana Bepari, 62, female. Mrs. Bepari attends a follow-up visit reporting numbness in her toes, tingling like pins and needles, and symptoms that are worse at night. She works as an NGO field officer and explains her discomfort worsened since walking barefoot at home in Tejgaon. She has no chronic comorbidities and denies motor weakness. She reports an atypical presentation with numbness in the hands before the feet. Examination records: reduced sensation at 3 of 10 monofilament test sites, BP 118/78 mmHg, pulse 75 bpm, and weight 94 kg. Assessment: Peripheral neuropathy. Plan: chronic follow-up: continue current medicines, no new prescription issued today. She was advised to check the feet daily for cuts, wear soft closed shoes, and keep blood sugar under control. Follow-up in 6 weeks."
"VN-010990","VISIT-010990","visit_note","Visit note | 2026-03-28 09:00 AM | Dr. Mostafizur Rahman, Orthopedics | Patient: Asif Akand, 54, male. Mr. Akand returns for a follow-up visit describing knee pain when using stairs, a creaking sensation in the knee, and morning stiffness lasting for a few minutes. He works as an accountant and notes his joint pain worsened since moving to a building with no lift in Wari. He has a known history of Type 2 diabetes mellitus and denies joint locking or trauma. Physical examination notes: BMI 32.1, BP 118/86 mmHg, pulse 80 bpm, and weight 71 kg. Right knee shows mild crepitus on movement with stable ligaments. Assessment: Knee osteoarthritis. Plan: chronic follow-up: continue current medicines, no new prescription issued today. He was advised to do thigh-strengthening exercises daily, lose weight, and avoid squatting and sitting cross-legged on the floor. Follow-up in 6 weeks with physiotherapy."
"VN-010991","VISIT-010991","visit_note","Visit note | 2026-03-28 11:00 AM | Dr. Tahmina Begum, Dermatology | Patient: Golam Pramanik, 27, male. Mr. Pramanik attends a follow-up visit complaining of pimples and blackheads on his face, spots on his back, and marks left after previous pimples. He works as a call centre agent and reports his skin flared after using a heavy face cream bought in Narayanganj. He has no medical comorbidities and denies systemic symptoms. Examination reveals: about 10 inflamed spots on the face, BP 124/75 mmHg, pulse 70 bpm, and weight 75 kg. Skin shows moderate acne lesions without deep scarring. Assessment: Acne vulgaris. Plan: chronic follow-up: continue current medicines, no new prescription issued today. He was advised to wash the face twice daily with a gentle cleanser and do not squeeze spots. Follow-up in 2 months."
"VN-010992","VISIT-010992","visit_note","Visit note | 2026-03-28 11:30 AM | Dr. Rokeya Khatun, Obstetrics and Gynecology | Patient: Lamia Rahman, 22, female. Mrs. Rahman returns for follow-up regarding extra hair growth on her face and irregular menstrual cycles. She works as a homemaker and mentions these signs were noticed after a friend in Motijheel suggested testing. She has no chronic medical conditions and denies unexpected weight fluctuations or severe headaches. Examination findings show: BMI 32.9, BP 111/83 mmHg, pulse 88 bpm, and weight 76 kg. Pelvic exam is unremarkable. Assessment: Polycystic ovary syndrome. Plan: chronic follow-up: continue current medicines, no new prescription issued today. She was advised to aim for 5% weight loss, exercise 150 minutes a week, and reduce sugary drinks. Follow-up in 3 months."
"VN-010993","VISIT-010993","visit_note","Visit note | 2026-03-28 12:30 PM | Dr. Shamima Nasrin, Ophthalmology | Patient: Laila Islam, 75, female. Mrs. Islam presents for her first visit complaining of gritty burning eyes, noting her symptoms are worse in air conditioning and during long hours of screen time. She works as a homemaker and states her trouble began after long gaming sessions at home in Uttara. She has a history of Type 2 diabetes mellitus and denies sudden vision loss or eye discharge. On examination: tear break-up time 4 seconds, BP 128/74 mmHg, pulse 86 bpm, and weight 73 kg. Corneas are clear bilaterally. Assessment: Dry eye syndrome. Plan: referral to Neurology in this clinic for further assessment; no prescription issued today. She was advised to look away from the screen every 20 minutes, blink often, and use a humidifier. Follow-up after the Neurology review."
"VN-010994","VISIT-010994","visit_note","Visit note | 2026-03-28 12:30 PM | Dr. Rokeya Khatun, Obstetrics and Gynecology | Patient: Sharmin Akand, 30, female. Mrs. Akand attends a follow-up visit for complaints of acne and weight gain. She works as a ride-share driver and notes she first noticed weight gain after starting a desk job in Wari. She has no significant comorbidity and denies visual disturbances or excessive thirst. Clinical evaluation reveals: BMI 26.6, BP 114/72 mmHg, pulse 86 bpm, and weight 47 kg. Systemic examination is normal. Assessment: Polycystic ovary syndrome. Plan: chronic follow-up: continue current medicines, no new prescription issued today. She was advised to aim for 5% weight loss, exercise 150 minutes a week, and reduce sugary drinks. Follow-up in 3 months."
"VN-010995","VISIT-010995","visit_note","Visit note | 2026-03-28 03:30 PM | Dr. Zahid Hasan, Gastroenterology | Patient: Sajjad Ahmed, 21, male. Mr. Ahmed visits for the first time reporting a sour taste in his mouth and a burning feeling behind his breastbone after meals. He works as a homemaker and states his symptoms became worse after weeks of eating fried snacks at tea stalls in Dhanmondi. He has no chronic medical history and denies difficulty swallowing or unintended weight loss. Examination shows: BMI 31.7, BP 132/86 mmHg, pulse 87 bpm, and weight 68 kg. Abdomen is soft and non-tender. Assessment: Gastro-oesophageal reflux disease. Plan: tests ordered before starting treatment: no tests unless symptoms persist; no prescription issued today. He was advised to eat smaller meals, avoid oily and spicy food late at night, and raise the head of the bed. Follow-up after the test results are ready."
"VN-010996","VISIT-010996","visit_note","Visit note | 2026-03-28 04:00 PM | Dr. Sadia Islam, Dermatology | Patient: Asif Haque, 21, male. Mr. Haque returns for a follow-up visit complaining of pimples and blackheads on the face, spots on the back, and marks left after pimples. He works as a mobile phone repair technician and notes his breakout flared after using a heavy face cream bought in Narayanganj. He has no underlying comorbidities and denies fever or systemic illness. On examination: about 25 inflamed spots on the face, BP 118/84 mmHg, pulse 71 bpm, and weight 80 kg. Skin examination confirms widespread papules and comedones. Assessment: Acne vulgaris. Plan: chronic follow-up: continue current medicines, no new prescription issued today. He was advised to wash the face twice daily with a gentle cleanser and do not squeeze spots. Follow-up in 2 months."
"VN-010997","VISIT-010997","visit_note","Visit note | 2026-03-29 10:30 AM | Dr. Moinul Haque, Neurology | Patient: Arifa Howlader, 67, female. Mrs. Howlader attends a follow-up consultation reporting burning in both feet, tingling like pins and needles, and symptoms that are worse at night. She works as a retired civil servant and mentions her complaints started after years of high sugar found at a health camp in Mirpur. She has no other chronic comorbidities and denies muscle weakness. Clinical findings record: reduced sensation at 5 of 10 monofilament test sites, BP 117/71 mmHg, pulse 74 bpm, and weight 48 kg. Assessment: Peripheral neuropathy. Plan: chronic follow-up: continue current medicines, no new prescription issued today. She was advised to check the feet daily for cuts, wear soft closed shoes, and keep blood sugar under control. Follow-up in 6 weeks."
"VN-010998","VISIT-010998","visit_note","Visit note | 2026-03-29 02:00 PM | Dr. Sabrina Chowdhury, Cardiology | Patient: Tanvir Miah, 79, male. Mr. Miah comes for a follow-up visit regarding high cholesterol detected on a routine test, reporting no current symptoms and noting a family history where his father had a heart attack at 55. He works as a tailor and states his high lipids were found on a pre-employment test in Rajshahi. He has no chronic comorbidities and denies chest pain or breathlessness. Examination shows: LDL cholesterol 5.8 mmol/L, BP 115/74 mmHg, pulse 69 bpm, and weight 46 kg. Heart sounds are clear and normal. Assessment: Dyslipidaemia. Plan: chronic follow-up: continue current medicines, no new prescription issued today. He was advised to reduce fried food, red meat, and ghee, walk 30 minutes daily, and aim to lose 3 kg. Follow-up in 3 months with a repeat lipid profile."
"VN-010999","VISIT-010999","visit_note","Visit note | 2026-03-30 11:00 AM | Dr. Mostafizur Rahman, Orthopedics | Patient: Ehsan Haque, 48, male. Mr. Haque attends a follow-up appointment complaining of being unable to raise his arm, a stiff shoulder for weeks, and being unable to reach behind his back. He works as a restaurant cook and notes his condition started after weeks of keeping his arm still following a sprain in Motijheel. He has no comorbid illnesses and denies recent joint infection or trauma. On examination: shoulder lifts only to 105 degrees, BP 125/71 mmHg, pulse 71 bpm, and weight 52 kg. Right shoulder range of motion is markedly restricted in all directions. Assessment: Adhesive capsulitis. Plan: chronic follow-up: continue current medicines, no new prescription issued today. He was advised to start physiotherapy, do pendulum exercises daily, and apply heat before exercise. Follow-up in 4 weeks with a physiotherapy review."
"VN-011000","VISIT-011000","visit_note","Visit note | 2026-03-31 11:30 AM | Dr. Moinul Haque, Neurology | Patient: Hossain Haque, 61, male. Mr. Haque presents for his first visit describing a band-like pressure around his head, neck tightness, and stress. He works as a fisherman and explains his symptoms began after a stressful house move to Rajshahi. He has no chronic medical history and denies focal neurological deficits, visual changes, or fever. Physical examination reveals: pain score 4/10, BP 121/78 mmHg, pulse 72 bpm, and weight 49 kg. Cranial nerve examination is entirely normal. Assessment: Tension-type headache. Plan: tests ordered before starting treatment: no tests; no prescription was issued today. He was advised to take screen breaks every hour, do neck stretches, and sleep seven hours. Follow-up after the test results are ready."
```
